415 4531
8376 1074
6516 6337
4685 699
3757 7617
2096 8077
2213 8180
3687 2415
2164 7363
1902 9459
9906 1235
4195 6860
9277 9258
5089 7665
6295 892
1294 4392
7963 7156
161 7186
9738 2581
6592 1246
4823 8006
9590 1706
5870 2091
7240 964
595 7490
2163 7559
4530 5910
9419 9408
5628 644
3231 2258
7169 2053
1849 7118
2364 40
7081 7154
7386 6081
5142 7059
5830 983
6348 7114
446 9837
2083 682
7299 5866
9295 6891
8334 6521
9007 188
4508 5045
7874 9492
1231 2342
9585 8777
9793 1280
8707 8481
3082 4761
3832 1308
6550 588
9506 194
3498 993
8031 1327
6984 2073
5973 1421
728 704
928 4448
7854 9397
4963 7040
1589 5826
1984 3796
4148 402
4869 789
383 9154
1622 9941
9098 5170
2995 7003
8156 1756
1966 4912
6242 931
1545 9953
5241 4418
6111 2214
9285 5243
4170 3422
3294 6241
547 8032
1816 1590
1517 3044
7856 2089
8399 8414
5608 7829
4715 6367
6102 7946
2855 1714
943 3077
3711 195
942 122
3520 8996
6185 7053
8064 5437
6937 1712
9702 237
2872 7426
4096 3697
2363 9190
7952 5881
5829 9166
430 3803
8282 1424
9245 2905
7187 3857
7553 1745
2076 8498
5389 5022
6851 3215
3841 7226
5825 1141
1486 8321
525 3457
171 4222
7293 3502
8118 5269
9675 5216
8739 4985
4269 9048
7590 1476
7048 855
7078 4108
3650 4726
4863 27
9069 7767
5032 4915
6853 591
512 780
6263 8215
8630 1325
4740 5335
9337 183
5982 2399
2055 5515
3953 5730
9796 2265
140 8419
480 2899
2575 2487
8333 5705
4956 9544
353 5448
3417 4038
7407 191
9865 9582
5751 6108
6831 9730
4809 3084
2575 5351
7105 2943
3435 2035
4248 9441
3654 2522
6350 6799
3181 9883
2404 2198
5121 1885
4855 518
1933 2979
2192 9655
2960 448
7261 1387
9093 7728
5388 7052
5949 7150
5500 2903
8896 7299
8244 6501
9213 4340
2435 8750
3150 5449
7094 8314
1661 1875
6920 3558
8065 5677
7369 9055
3779 8073
1540 5969
1414 8270
2130 9053
2761 2922
6092 5004
445 4216
2690 3783
8664 7891
6853 5822
9431 7572
1201 9730
1041 2193
8766 1352
1565 7993
1061 5470
6848 2006
9978 3604
5003 4307
519 9488
3782 1591
6437 1596
8795 6464
1347 1180
